Seed 252: 37, 97, 161, 180, 193, 225
Seed 253: 37, 97, 120, 180, 193, 225
Seed 254: 37, 97, 120, 144, 180, 225
Seed 255: 37, 97, 120, 130, 144, 180
Seed 0: 37, 87, 97, 120, 130, 144, 180
Seed 1: 37, 56, 87, 97, 120, 130, 144
Seed 2: 37, 56, 87, 120, 130, 144, 146
Seed 3: 37, 56, 87, 120, 130, 144, 146, 182
Seed 4: 56, 81, 87, 130, 144, 146, 182
Seed 5: 56, 81, 87, 130, 146, 159, 182
Seed 6: 56, 81, 87, 146, 159, 182, 183
Seed 7: 56, 81, 146:(Zombie x4), 159, 182, 183, 223
Seed 8: 56, 81, 146:(EvilShel x3, WaterBug x1), 159, 182, 183, 223
Seed 9: 35, 81, 159, 182, 183, 223
Seed 10: 13, 35, 81, 159, 183, 223
Seed 11: 13, 35, 159, 183, 223
Seed 12: 13, 35, 64, 183, 223
Seed 13: 13, 35, 64, 158, 223
Seed 14: 13, 29, 35, 64, 158
Seed 15: 13, 29, 35, 64, 158, 222
Seed 16: 2, 13, 29, 35, 64, 158, 222
Seed 17: 2, 13, 29, 64, 93, 158, 222
Seed 18: 2, 29, 64, 93, 158, 222, 224
Seed 19: 2, 29, 64, 67, 93, 158, 222, 224
Seed 20: 2, 29, 67, 93, 222, 224, 251
Seed 21: 2, 29, 67, 93, 96, 222, 224, 251
Seed 22: 2, 67, 93, 96, 206, 224, 251
Seed 23: 2, 67, 93, 96, 206, 224, 239, 251
Seed 24: 67, 96, 206, 224, 239, 251, 253
Seed 25: 52, 67, 96, 206, 239, 251, 253
Seed 26: 52, 60, 67, 96, 206, 239, 251, 253
Seed 27: 52, 60, 92, 96, 206, 239, 253
Seed 28: 52, 60, 69, 92, 206, 239, 253
Seed 29: 7, 52, 60, 69, 92, 239, 253
Seed 30: 7, 52, 60, 69, 92, 188, 253
Seed 31: 7, 52, 60, 69, 92, 188, 220
Seed 32: 7, 52, 60, 69, 92, 141, 188, 220
Seed 33: 7, 60, 69, 92, 141, 188, 220, 241
Seed 34: 7, 69, 121, 141, 188, 220, 241
Seed 35: 7, 31, 69, 121, 141, 188, 220, 241
Seed 36: 7, 31, 121, 123, 141, 188, 220, 241
Seed 37: 31, 94, 121, 123, 141, 220, 241
Seed 38: 31, 73, 94, 121, 123, 141, 241
Seed 39: 31, 73, 94, 121, 123, 203, 241
Seed 40: 31, 73, 94, 121, 123, 125, 203
Seed 41: 26, 31, 73, 94, 123, 125, 203
Seed 42: 26, 31, 73, 94, 123, 125, 203, 236
Seed 43: 26, 47, 73, 94, 125, 203, 236
Seed 44: 26, 47, 58, 73, 125, 203, 236
Seed 45: 26, 47, 58, 61, 125, 203, 236
Seed 46: 26, 47, 58, 61, 125, 186, 236
Seed 47: 26, 27, 47, 58, 61, 186, 236
Seed 48: 26, 27, 47, 58, 61, 186, 236, 246
Seed 49: 27, 47, 58, 61, 167, 186, 246
Seed 50: 27, 47, 54, 58, 61, 167, 186, 246
Seed 51: 27, 54, 58, 61, 89, 167, 186, 246
Seed 52: 27, 54, 61, 89, 143, 167, 186, 246
Seed 53: 15, 27, 54, 89, 143, 167, 246
Seed 54: 15, 27, 53, 54, 89, 143, 167, 246
Seed 55: 15, 53, 54, 89, 99, 143, 167
Seed 56: 15, 53, 54, 89, 99, 143, 249
Seed 57: 15, 24, 53, 54, 89, 99, 143, 249
Seed 58: 15, 24, 53, 99, 143, 232, 249
Seed 59: 15, 24, 53, 99, 124, 232, 249
Seed 60: 15, 24, 53, 68, 99, 124, 232, 249
Seed 61: 24, 53, 68, 78, 99, 124, 232, 249
Seed 62: 24, 28, 68, 78, 124, 232, 249
Seed 63: 24, 28, 30, 68, 78, 124, 232
Seed 64: 24, 28, 30, 68, 78, 124, 232, 250
Seed 65: 28, 30, 68, 78, 124, 178, 250
Seed 66: 28, 30, 43, 68, 78, 178, 250
Seed 67: 28, 30, 43, 68, 78, 153, 178, 250
Seed 68: 28, 30, 43, 119, 153, 178, 250
Seed 69: 28, 30, 43, 119, 153, 178, 231, 250
Seed 70: 30, 43, 72, 119, 153, 178, 231, 250
Seed 71: 43, 72, 77, 119, 153, 178, 231
Seed 72: 43, 72, 77, 119, 153, 231, 247
Seed 73: 43, 72, 77, 119, 127, 153, 231, 247
Seed 74: 1, 72, 77, 119, 127, 231, 247
Seed 75: 1, 48, 72, 77, 127, 231, 247
Seed 76: 1, 48, 72, 77, 118, 127, 247
Seed 77: 1, 48, 77, 118, 127, 195, 247
Seed 78: 1, 10, 48, 118, 127, 195, 247
Seed 79: 1, 10, 48, 118, 127, 195, 229
Seed 80: 1, 10, 48, 118, 140, 195, 229
Seed 81: 1, 10, 48, 118, 140, 157, 195, 229
Seed 82: 8, 10, 48, 118, 140, 157, 195, 229
Seed 83: 8, 10, 85, 140, 157, 195, 229
Seed 84: 8, 10, 85, 117, 140, 157, 229
Seed 85: 8, 10, 76, 85, 117, 140, 157, 229
Seed 86: 8, 32, 76, 85, 117, 140, 157
Seed 87: 8, 32, 76, 85, 117, 157
Seed 88: 8, 32, 76, 85, 117, 245
Seed 89: 8, 20, 32, 76, 85, 117, 245
Seed 90: 20, 32, 76, 117, 205, 245
Seed 91: 20, 32, 76, 205, 230, 245
Seed 92: 20, 32, 50, 205, 230, 245
Seed 93: 20, 32, 50, 148, 205, 230, 245
Seed 94: 20, 50, 148, 181, 205, 230, 245
Seed 95: 20, 39, 50, 148, 181, 205, 230
Seed 96: 20, 39, 50, 102, 148, 181, 205, 230
Seed 97: 39, 50, 91, 102, 148, 181, 230
Seed 98: 39:(Sand Man x4), 50, 51, 91, 102, 148, 181
Seed 99: 39:(SandMoth x2, Larva x2), 50, 51, 91, 102, 148, 181, 217
Seed 100: 39, 51, 91, 102, 115, 181, 217
Seed 101: 39, 51:(Sandpede x1, Sand Man x2), 91, 102, 115, 147, 217
Seed 102: 39, 51:(Imp x4), 91, 102, 115, 147, 217, 235
Seed 103: 12, 51, 91, 115, 147, 217, 235
Seed 104: 12, 51, 62, 115, 147, 217, 235
Seed 105: 12, 51, 62, 115, 136, 147, 217, 235
Seed 106: 12, 62, 115, 116, 136, 147, 235
Seed 107: 12, 62, 82, 116, 136, 147, 235
Seed 108: 12, 62, 82, 114, 116, 136, 235
Seed 109: 12, 33, 62:(Sand Man x4), 82, 114, 116, 136
Seed 110: 12, 33, 62:(SandMoth x2, Larva x2), 82, 114, 116, 136, 218
Seed 111: 33, 62, 82, 114, 116, 136, 218, 226
Seed 112: 33, 82, 114, 116, 166, 218, 226
Seed 113: 17, 33, 82, 114, 166, 218, 226
Seed 114: 17, 33, 49, 114, 166, 218, 226
Seed 115: 17, 33, 49, 88, 166, 218, 226
Seed 116: 17, 33, 49, 59, 88, 166, 218, 226
Seed 117: 17, 49, 59, 88, 166, 169, 226
Seed 118: 17, 49, 59, 88, 166, 169, 177
Seed 119: 17, 49, 59, 88, 169, 177, 209
Seed 120: 17, 23, 49, 59, 88, 169, 177, 209
Seed 121: 23, 49, 59, 88, 155, 169, 177, 209
Seed 122: 23, 59, 86, 155, 169, 177, 209
Seed 123: 23, 59, 80, 86, 155, 169, 177, 209
Seed 124: 23, 80, 86, 112, 155, 177, 209
Seed 125: 23, 80, 86, 112, 155, 160, 209
Seed 126: 23, 80, 86, 112, 155, 160
Seed 127: 23, 80, 86, 112, 155, 160, 208
Seed 128: 46, 80, 86, 112, 160, 208
Seed 129: 46, 80, 112, 160, 208, 237
Seed 130: 46, 90, 112, 160, 208, 237
Seed 131: 46, 79, 90, 160, 208, 237
Seed 132: 46, 79, 90, 111, 208, 237
Seed 133: 46, 79, 90, 111, 208, 237, 238
Seed 134: 46, 79, 90, 111, 168, 237, 238
Seed 135: 46, 79, 90, 111, 168, 198, 237, 238
Seed 136: 71, 79, 90, 111, 168, 198, 238
Seed 137: 14, 71, 79, 111, 168, 198, 238
Seed 138: 14, 71, 111, 168, 198, 238, 240
Seed 139: 14, 71, 152, 168, 198, 238, 240
Seed 140: 14, 71, 110, 152, 168, 198, 240
Seed 141: 14, 71, 110, 142, 152, 198, 240
Seed 142: 14, 71, 110, 142, 152, 174, 240
Seed 143: 14, 107, 110, 142, 152, 174, 240
Seed 144: 14, 107, 110, 142, 152, 174, 216, 240
Seed 145: 107, 110, 142, 152, 174, 216, 243
Seed 146: 45, 107, 110, 142, 174, 216, 243
Seed 147: 45, 107, 142, 149, 174, 216, 243
Seed 148: 44, 45, 107, 149, 174, 216, 243
Seed 149: 44, 45, 83, 107, 149, 216, 243
Seed 150: 44, 45, 83, 149, 173, 216, 243
Seed 151: 44, 45, 83, 105, 149, 173, 243
Seed 152: 25, 44, 45, 83, 105, 149, 173
Seed 153: 25, 44, 45, 83, 105, 149, 173, 211
Seed 154: 25, 44, 83, 105, 154, 173, 211
Seed 155: 25, 44, 83, 105, 154, 173, 185, 211
Seed 156: 25, 105, 108, 154, 173, 185, 211
Seed 157: 25, 105, 108, 154, 185, 211, 248
Seed 158: 25, 108, 138, 154, 185, 211, 248
Seed 159: 25, 75, 108, 138, 154, 185, 211, 248
Seed 160: 16, 75, 108, 138, 154, 185, 248
Seed 161: 16, 75, 108, 138, 185, 196, 248
Seed 162: 11, 16, 75, 108, 138, 196, 248
Seed 163: 11, 16, 75, 138, 196, 204, 248
Seed 164: 11, 16, 75, 138, 189, 196, 204
Seed 165: 5, 11, 16, 75, 189, 196, 204
Seed 166: 5, 11, 16, 171, 189, 196, 204
Seed 167: 5, 11, 16, 95, 171, 189, 196, 204
Seed 168: 5, 11, 95, 171, 176, 189:(Pike x2, EvilShel x2), 204
Seed 169: 5, 11, 95, 171, 176, 189:(EvilShel x3, WaterBug x1), 204, 219
Seed 170: 5, 42, 95, 171, 176, 189, 219
Seed 171: 4, 5, 42, 95, 171, 176, 219
Seed 172: 4, 5, 42, 95, 122, 171, 176, 219
Seed 173: 4, 42, 95, 122, 165, 176, 219
Seed 174: 4, 42, 122, 165, 170, 176, 219
Seed 175: 4, 42, 122, 165, 170, 202, 219
Seed 176: 4, 42, 122, 165, 170, 202, 234
Seed 177: 4, 9, 42, 122, 165, 170, 202, 234
Seed 178: 4, 9, 41, 122, 165, 170, 202, 234
Seed 179: 9, 41, 165, 170, 187, 202, 234
Seed 180: 9, 21, 41, 170, 187, 202, 234
Seed 181: 9, 21, 41, 187, 202, 234, 252
Seed 182: 9, 21, 41, 145, 187, 234, 252
Seed 183: 9, 21, 41, 145, 172, 187, 252
Seed 184: 9, 21, 41, 145, 172, 187, 233, 252
Seed 185: 21, 41, 63, 145, 172, 187, 233, 252
Seed 186: 21, 40, 63, 145, 172, 233, 252
Seed 187: 21, 40, 63, 145, 172, 191, 233, 252
Seed 188: 40, 63, 104, 145, 172, 191, 233
Seed 189: 18, 40, 63, 104, 172, 191, 233
Seed 190: 18, 40, 63, 104, 191, 233
Seed 191: 18, 40, 63, 104, 184, 191
Seed 192: 18, 40, 63, 104, 106, 184, 191
Seed 193: 18, 40, 104, 106, 156, 184, 191
Seed 194: 18, 19, 104, 106, 156, 184
Seed 195: 18, 19, 106, 156, 184, 221
Seed 196: 18, 19, 103, 106, 156, 184, 221
Seed 197: 19, 103, 106, 135, 156, 184, 221
Seed 198: 19, 103, 106, 109, 135, 156, 221
Seed 199: 19, 103, 109, 135, 156, 199, 221
Seed 200: 19, 103, 109, 135, 151, 199, 221
Seed 201: 6, 19, 103, 109, 135, 151, 199, 221
Seed 202: 6, 38, 103, 109, 135, 151, 199
Seed 203: 6, 38, 70, 109, 135, 151, 199
Seed 204: 6, 38, 70, 109, 151, 199, 244
Seed 205: 6, 38, 70, 134, 151, 199, 244
Seed 206: 6, 38, 70, 134, 151, 242, 244
Seed 207: 6, 38, 70, 134, 207, 242, 244
Seed 208: 6, 38, 70, 84, 134, 207, 242, 244
Seed 209: 38, 70, 84, 134, 139, 207, 242, 244
Seed 210: 84, 134, 139, 200, 207, 242, 244
Seed 211: 22, 84, 134, 139, 200, 207, 242
Seed 212: 22, 84, 101, 139, 200, 207, 242
Seed 213: 22, 84, 101, 133, 139, 200, 207
Seed 214: 22, 84, 101, 133, 139, 200, 201
Seed 215: 22, 101, 133, 139, 197, 200, 201
Seed 216: 22, 101, 133, 175, 197, 200, 201
Seed 217: 22, 74, 101, 133, 175, 197, 201
Seed 218: 22, 36, 74, 101, 133, 175, 197, 201
Seed 219: 36, 74, 128, 133, 175, 197, 201
Seed 220: 36, 74, 100, 128, 175, 197, 201
Seed 221: 36, 74, 100, 128, 132, 175, 197
Seed 222: 36, 74, 100, 128, 132, 164, 175
Seed 223: 36, 55, 74, 100, 128, 132, 164
Seed 224: 36, 55, 100, 128, 132, 164, 228
Seed 225: 3, 36, 55, 100, 128, 132, 164, 228
Seed 226: 3, 55, 100, 132, 164, 192, 228
Seed 227: 3, 55, 132, 164, 190, 192, 228
Seed 228: 3, 55, 131, 164, 190, 192, 228
Seed 229: 3, 55, 131, 137, 190, 192, 228
Seed 230: 3, 55, 131, 137, 163, 190, 192, 228
Seed 231: 3, 131, 137, 150, 163, 190:(EvilShel x3, WaterBug x1), 192
Seed 232: 3, 131, 137, 150, 163, 190:(Pike x3), 192, 227
Seed 233: 131, 137, 150, 163, 190, 227, 254
Seed 234: 34, 131, 137, 150, 163, 227, 254
Seed 235: 34, 66, 137, 150, 163, 227, 254
Seed 236: 34, 66, 98, 150, 163, 227, 254
Seed 237: 34, 66, 98, 113, 150, 227, 254
Seed 238: 34, 66, 98, 113, 162, 227, 254
Seed 239: 34, 66, 98, 113, 162, 194, 254
Seed 240: 34, 66, 98, 113, 162, 194, 210
Seed 241: 34, 57, 66, 98, 113, 162, 194, 210
Seed 242: 57, 66, 98, 113, 162, 179, 194, 210
Seed 243: 57, 65, 113, 162, 179, 194, 210
Seed 244: 57, 65, 126, 162, 179, 194, 210
Seed 245: 57, 65, 126, 129, 179, 194, 210
Seed 246: 57, 65, 126, 129, 161, 179, 210
Seed 247: 57, 65, 126, 129, 161, 179, 193
Seed 248: 57, 65, 126, 129, 161, 179, 193, 225
Seed 249: 65, 126, 129, 161, 193, 225
Seed 250: 65, 126, 129, 161, 180, 193, 225
Seed 251: 97, 129, 161, 180, 193, 225
Seed 252: 37, 97, 161, 180, 193, 225
Seed 253: 37, 97, 120, 180, 193, 225
Seed 254: 37, 97, 120, 144, 180, 225
Seed 255: 37, 97, 120, 130, 144, 180
